{
 "cells": [
  {
   "cell_type": "markdown",
   "metadata": {},
   "source": [
    "## 4.5 Linear Algebra"
   ]
  },
  {
   "cell_type": "code",
   "execution_count": 1,
   "metadata": {},
   "outputs": [],
   "source": [
    "import numpy as np"
   ]
  },
  {
   "cell_type": "markdown",
   "metadata": {},
   "source": [
    "![](snaps/ten.PNG)"
   ]
  },
  {
   "cell_type": "markdown",
   "metadata": {},
   "source": [
    "###### Example01"
   ]
  },
  {
   "cell_type": "code",
   "execution_count": 2,
   "metadata": {},
   "outputs": [
    {
     "data": {
      "text/plain": [
       "array([[1., 2., 3.],\n",
       "       [4., 5., 6.]])"
      ]
     },
     "execution_count": 2,
     "metadata": {},
     "output_type": "execute_result"
    }
   ],
   "source": [
    "x = np.array([[1., 2., 3.], [4., 5., 6.]])\n",
    "x"
   ]
  },
  {
   "cell_type": "code",
   "execution_count": 3,
   "metadata": {},
   "outputs": [
    {
     "data": {
      "text/plain": [
       "array([[ 6., 23.],\n",
       "       [-1.,  7.],\n",
       "       [ 8.,  9.]])"
      ]
     },
     "execution_count": 3,
     "metadata": {},
     "output_type": "execute_result"
    }
   ],
   "source": [
    "y = np.array([[6., 23.], [-1, 7], [8, 9]])\n",
    "y"
   ]
  },
  {
   "cell_type": "code",
   "execution_count": 4,
   "metadata": {},
   "outputs": [
    {
     "data": {
      "text/plain": [
       "array([[ 28.,  64.],\n",
       "       [ 67., 181.]])"
      ]
     },
     "execution_count": 4,
     "metadata": {},
     "output_type": "execute_result"
    }
   ],
   "source": [
    "x.dot(y)"
   ]
  },
  {
   "cell_type": "code",
   "execution_count": 5,
   "metadata": {},
   "outputs": [
    {
     "data": {
      "text/plain": [
       "array([[ 28.,  64.],\n",
       "       [ 67., 181.]])"
      ]
     },
     "execution_count": 5,
     "metadata": {},
     "output_type": "execute_result"
    }
   ],
   "source": [
    "np.dot(x,y)"
   ]
  },
  {
   "cell_type": "code",
   "execution_count": 6,
   "metadata": {},
   "outputs": [
    {
     "data": {
      "text/plain": [
       "array([ 6., 15.])"
      ]
     },
     "execution_count": 6,
     "metadata": {},
     "output_type": "execute_result"
    }
   ],
   "source": [
    "np.dot(x, np.ones(3))"
   ]
  },
  {
   "cell_type": "code",
   "execution_count": 7,
   "metadata": {},
   "outputs": [
    {
     "data": {
      "text/plain": [
       "array([ 6., 15.])"
      ]
     },
     "execution_count": 7,
     "metadata": {},
     "output_type": "execute_result"
    }
   ],
   "source": [
    "x @ np.ones(3)"
   ]
  },
  {
   "cell_type": "code",
   "execution_count": 8,
   "metadata": {},
   "outputs": [],
   "source": [
    "######"
   ]
  },
  {
   "cell_type": "code",
   "execution_count": 9,
   "metadata": {},
   "outputs": [
    {
     "data": {
      "text/plain": [
       "array([0, 1, 2, 3, 4, 5, 6, 7, 8])"
      ]
     },
     "execution_count": 9,
     "metadata": {},
     "output_type": "execute_result"
    }
   ],
   "source": [
    "ar1 = np.arange(9)\n",
    "ar1"
   ]
  },
  {
   "cell_type": "code",
   "execution_count": 10,
   "metadata": {},
   "outputs": [
    {
     "data": {
      "text/plain": [
       "array([[ 9., 10., 11.],\n",
       "       [12., 13., 14.],\n",
       "       [15., 16., 17.]])"
      ]
     },
     "execution_count": 10,
     "metadata": {},
     "output_type": "execute_result"
    }
   ],
   "source": [
    "ar2 = np.array([[9., 10.,11.], [12., 13., 14.],[15., 16., 17.]])\n",
    "ar2"
   ]
  },
  {
   "cell_type": "code",
   "execution_count": 11,
   "metadata": {},
   "outputs": [
    {
     "data": {
      "text/plain": [
       "array([[0, 0, 0, 0, 0, 0, 0, 0, 0],\n",
       "       [0, 1, 0, 0, 0, 0, 0, 0, 0],\n",
       "       [0, 0, 2, 0, 0, 0, 0, 0, 0],\n",
       "       [0, 0, 0, 3, 0, 0, 0, 0, 0],\n",
       "       [0, 0, 0, 0, 4, 0, 0, 0, 0],\n",
       "       [0, 0, 0, 0, 0, 5, 0, 0, 0],\n",
       "       [0, 0, 0, 0, 0, 0, 6, 0, 0],\n",
       "       [0, 0, 0, 0, 0, 0, 0, 7, 0],\n",
       "       [0, 0, 0, 0, 0, 0, 0, 0, 8]])"
      ]
     },
     "execution_count": 11,
     "metadata": {},
     "output_type": "execute_result"
    }
   ],
   "source": [
    "np.diag(ar1)"
   ]
  },
  {
   "cell_type": "code",
   "execution_count": 12,
   "metadata": {},
   "outputs": [
    {
     "data": {
      "text/plain": [
       "array([ 9., 13., 17.])"
      ]
     },
     "execution_count": 12,
     "metadata": {},
     "output_type": "execute_result"
    }
   ],
   "source": [
    "np.diag(ar2)"
   ]
  },
  {
   "cell_type": "code",
   "execution_count": 13,
   "metadata": {},
   "outputs": [],
   "source": [
    "######"
   ]
  },
  {
   "cell_type": "code",
   "execution_count": 14,
   "metadata": {},
   "outputs": [
    {
     "data": {
      "text/plain": [
       "array([[ 9., 10., 11.],\n",
       "       [12., 13., 14.],\n",
       "       [15., 16., 17.]])"
      ]
     },
     "execution_count": 14,
     "metadata": {},
     "output_type": "execute_result"
    }
   ],
   "source": [
    "ar2"
   ]
  },
  {
   "cell_type": "code",
   "execution_count": 15,
   "metadata": {},
   "outputs": [
    {
     "data": {
      "text/plain": [
       "39.0"
      ]
     },
     "execution_count": 15,
     "metadata": {},
     "output_type": "execute_result"
    }
   ],
   "source": [
    "np.trace(ar2)"
   ]
  },
  {
   "cell_type": "code",
   "execution_count": 16,
   "metadata": {},
   "outputs": [
    {
     "data": {
      "text/plain": [
       "0.0"
      ]
     },
     "execution_count": 16,
     "metadata": {},
     "output_type": "execute_result"
    }
   ],
   "source": [
    "from numpy.linalg import det,eig\n",
    "det(ar2)"
   ]
  },
  {
   "cell_type": "code",
   "execution_count": 17,
   "metadata": {},
   "outputs": [
    {
     "data": {
      "text/plain": [
       "(array([ 3.94562020e+01, -4.56202043e-01,  4.23539028e-16]),\n",
       " array([[-0.43812234, -0.74152183,  0.40824829],\n",
       "        [-0.56759026, -0.03577375, -0.81649658],\n",
       "        [-0.69705818,  0.66997434,  0.40824829]]))"
      ]
     },
     "execution_count": 17,
     "metadata": {},
     "output_type": "execute_result"
    }
   ],
   "source": [
    "eig(ar2)"
   ]
  },
  {
   "cell_type": "markdown",
   "metadata": {},
   "source": [
    "###### Example02"
   ]
  },
  {
   "cell_type": "code",
   "execution_count": 18,
   "metadata": {},
   "outputs": [
    {
     "data": {
      "text/plain": [
       "array([[ 1.73804007,  0.19456701, -0.36519702,  0.06368788, -2.27168505],\n",
       "       [ 0.19456701,  0.32288726,  0.11043651, -0.0918067 , -0.24736996],\n",
       "       [-0.36519702,  0.11043651,  0.36984718, -0.13197103,  0.53078522],\n",
       "       [ 0.06368788, -0.0918067 , -0.13197103,  0.14389239, -0.07318106],\n",
       "       [-2.27168505, -0.24736996,  0.53078522, -0.07318106,  3.1881201 ]])"
      ]
     },
     "execution_count": 18,
     "metadata": {},
     "output_type": "execute_result"
    }
   ],
   "source": [
    "from numpy.linalg import inv, qr\n",
    "X = np.random.randn(5, 5)\n",
    "mat = X.T.dot(X)\n",
    "inv(mat)\n"
   ]
  },
  {
   "cell_type": "code",
   "execution_count": 19,
   "metadata": {},
   "outputs": [
    {
     "data": {
      "text/plain": [
       "array([[ 1.00000000e+00,  0.00000000e+00,  4.44089210e-16,\n",
       "        -1.11022302e-16, -2.55351296e-15],\n",
       "       [-3.33066907e-16,  1.00000000e+00, -1.24900090e-16,\n",
       "         9.54097912e-17,  4.44089210e-16],\n",
       "       [ 0.00000000e+00, -1.11022302e-16,  1.00000000e+00,\n",
       "         1.52655666e-16, -2.77555756e-16],\n",
       "       [ 0.00000000e+00,  5.55111512e-17,  0.00000000e+00,\n",
       "         1.00000000e+00,  2.22044605e-16],\n",
       "       [ 3.55271368e-15,  6.66133815e-16, -4.44089210e-16,\n",
       "         5.55111512e-17,  1.00000000e+00]])"
      ]
     },
     "execution_count": 19,
     "metadata": {},
     "output_type": "execute_result"
    }
   ],
   "source": [
    "mat.dot(inv(mat))"
   ]
  },
  {
   "cell_type": "code",
   "execution_count": 20,
   "metadata": {},
   "outputs": [
    {
     "data": {
      "text/plain": [
       "array([[-0.79640311, -0.00999501, -0.19071203, -0.002452  , -0.57381625],\n",
       "       [ 0.06620103, -0.87590328, -0.04860285,  0.4713219 , -0.06248441],\n",
       "       [ 0.0747858 ,  0.33840861, -0.74063661,  0.55979315,  0.13407368],\n",
       "       [ 0.17301438, -0.31456391, -0.64168362, -0.6775072 , -0.01848517],\n",
       "       [-0.57081749, -0.13864599, -0.03108436, -0.07392755,  0.80530315]])"
      ]
     },
     "execution_count": 20,
     "metadata": {},
     "output_type": "execute_result"
    }
   ],
   "source": [
    "q, r = qr(mat)\n",
    "q"
   ]
  },
  {
   "cell_type": "code",
   "execution_count": 21,
   "metadata": {},
   "outputs": [
    {
     "data": {
      "text/plain": [
       "array([[-11.00412045,   0.98284605,   2.69343755,   4.96006557,\n",
       "         -8.27830822],\n",
       "       [  0.        ,  -5.42846553,   2.60922664,  -3.75766948,\n",
       "         -0.98535009],\n",
       "       [  0.        ,   0.        ,  -7.06924128, -10.47166228,\n",
       "          0.92682741],\n",
       "       [  0.        ,   0.        ,   0.        ,  -4.77597842,\n",
       "         -0.13281768],\n",
       "       [  0.        ,   0.        ,   0.        ,   0.        ,\n",
       "          0.25259498]])"
      ]
     },
     "execution_count": 21,
     "metadata": {},
     "output_type": "execute_result"
    }
   ],
   "source": [
    "r"
   ]
  }
 ],
 "metadata": {
  "kernelspec": {
   "display_name": "Python 3",
   "language": "python",
   "name": "python3"
  },
  "language_info": {
   "codemirror_mode": {
    "name": "ipython",
    "version": 3
   },
   "file_extension": ".py",
   "mimetype": "text/x-python",
   "name": "python",
   "nbconvert_exporter": "python",
   "pygments_lexer": "ipython3",
   "version": "3.10.1"
  }
 },
 "nbformat": 4,
 "nbformat_minor": 4
}
